0.000000	1.000000
 0.140020	2.000000
 0.180160	3.000000
 0.180280	4.000000
 0.220300	5.000000
 0.220420	6.000000
 0.220550	7.000000
 0.220670	8.000000
 0.260440	9.000000
 0.260560	10.000000
 0.260690	11.000000
 0.260810	12.000000
 0.260940	13.000000
 0.261060	14.000000
 0.261190	15.000000
 0.261320	16.000000
 0.300580	17.000000
 0.300700	18.000000
 0.300830	19.000000
 0.300950	20.000000
 0.301080	20.050000
 0.301200	20.100000
 0.301330	20.150000
 0.301450	20.199000
 0.301580	20.249000
 0.301710	20.298000
 0.301830	20.347000
 0.301960	20.397000
 0.302080	20.446000
 0.302210	20.494000
 0.302330	20.543000
 0.302460	20.592000
 0.540140	20.641000
 0.540260	20.689000
 0.540390	20.737000
 0.540520	20.786000
 0.540640	20.834000
 0.540770	20.882000
 0.540890	20.930000
 0.541020	20.977000
 0.541140	21.025000
 0.541270	21.073000
 0.541390	21.120000
 0.541520	21.167000
 0.541640	21.215000
 0.541770	21.262000
 0.541890	21.309000
 0.542020	21.356000
 0.542140	21.403000
 0.542270	21.449000
 0.542390	21.496000
 0.542520	21.542000
 0.580280	21.589000
 0.580400	21.635000
 0.580530	21.681000
 0.580650	21.727000
 0.580780	21.773000
 0.580910	21.819000
 0.581030	21.865000
 0.581160	21.911000
 0.581280	21.957000
 0.581410	22.002000
 0.581530	22.048000
 0.581660	22.093000
 0.581780	22.138000
 0.581910	22.183000
 0.582030	22.228000
 0.582160	22.273000
 0.582280	22.318000
 0.582410	22.363000
 0.582530	22.408000
 0.582660	22.453000
 0.620420	22.497000
 0.620540	22.542000
 0.620670	22.586000
 0.620790	22.630000
 0.620920	22.674000
 0.621040	22.718000
 0.621170	22.762000
 0.621300	22.806000
 0.621420	22.850000
 0.621550	22.894000
 0.621670	22.938000
 0.621800	22.981000
 0.621920	23.025000
 0.622050	23.068000
 0.622170	23.112000
 0.622300	23.155000
 0.622420	23.198000
 0.622550	23.241000
 0.622670	23.284000
 0.622800	23.327000
 0.660560	23.370000
 0.660680	23.413000
 0.660810	23.455000
 0.660930	23.498000
 0.661060	23.541000
 0.661180	23.583000
 0.661310	23.626000
 0.661430	23.668000
 0.661560	23.710000
 0.661690	23.752000
 0.661810	23.794000
 0.661940	23.836000
 0.662060	23.878000
 0.662190	23.920000
 0.662310	23.962000
 0.662440	24.004000
 0.662560	24.045000
 0.662690	24.087000
 0.662810	24.129000
 0.662940	24.170000
 0.700700	24.211000
 0.700820	24.253000
 0.700950	24.294000
 0.701070	24.335000
 0.701200	24.376000
 0.701320	24.417000
 0.701450	24.458000
 0.701570	24.499000
 0.701700	24.540000
 0.701820	24.581000
 0.701950	24.621000
 0.702080	24.662000
 0.702200	24.702000
 0.702330	24.743000
 0.702450	24.783000
 0.702580	24.824000
 0.702700	24.864000
 0.702830	24.904000
 0.702950	24.944000
 0.703080	24.984000
 0.903080	1.000000
 1.040140	2.000000
 1.080280	3.000000
 1.080400	4.000000
 1.120420	5.000000
 1.120540	6.000000
 1.120670	7.000000
 1.120790	8.000000
 1.160560	9.000000
 1.160680	10.000000
 1.160810	11.000000
 1.160930	12.000000
 1.161060	13.000000
 1.161180	14.000000
 1.161310	15.000000
 1.161430	16.000000
 1.200700	17.000000
 1.200820	18.000000
 1.200950	19.000000
 1.201070	20.000000
 1.201200	20.050000
 1.201320	20.100000
 1.201450	20.150000
 1.201570	20.199000
 1.201700	20.249000
 1.201820	20.298000
 1.201950	20.347000
 1.202080	20.397000
 1.202200	20.446000
 1.202330	20.494000
 1.202450	20.543000
 1.202580	20.592000
 1.242850	20.641000
 1.242980	20.689000
 1.243100	20.737000
 1.243230	20.786000
 1.243350	20.834000
 1.243480	20.882000
 1.243600	20.930000
 1.243730	20.977000
 1.243850	21.025000
 1.243980	21.073000
 1.244110	21.120000
 1.244230	21.167000
 1.244360	21.215000
 1.244480	21.262000
 1.244610	21.309000
 1.244730	21.356000
 1.244860	21.403000
 1.244980	21.449000
 1.245110	21.496000
 1.245230	21.542000
 1.282990	21.589000
 1.283120	21.635000
 1.283240	21.681000
 1.283370	21.727000
 1.283490	21.773000
 1.283620	21.819000
 1.283740	21.865000
 1.283870	21.911000
 1.283990	21.957000
 1.284120	22.002000
 1.284240	22.048000
 1.284370	22.093000
 1.284500	22.138000
 1.284620	22.183000
 1.284750	22.228000
 1.284870	22.273000
 1.285000	22.318000
 1.285120	22.363000
 1.285250	22.408000
 1.285370	22.453000
 1.323130	22.497000
 1.323260	22.542000
 1.323380	22.586000
 1.323510	22.630000
 1.323630	22.674000
 1.323760	22.718000
 1.323880	22.762000
 1.324010	22.806000
 1.324130	22.850000
 1.324260	22.894000
 1.324380	22.938000
 1.324510	22.981000
 1.324630	23.025000
 1.324760	23.068000
 1.324890	23.112000
 1.325010	23.155000
 1.325140	23.198000
 1.325260	23.241000
 1.325390	23.284000
 1.325510	23.327000
 1.363270	23.370000
 1.363400	23.413000
 1.363520	23.455000
 1.363650	23.498000
 1.363770	23.541000
 1.363900	23.583000
 1.364020	23.626000
 1.364150	23.668000
 1.364270	23.710000
 1.364400	23.752000
 1.364520	23.794000
 1.364650	23.836000
 1.364770	23.878000
 1.364900	23.920000
 1.365020	23.962000
 1.365150	24.004000
 1.365280	24.045000
 1.365400	24.087000
 1.365530	24.129000
 1.365650	24.170000
 1.403410	24.211000
 1.403540	24.253000
 1.403660	24.294000
 1.403790	24.335000
 1.403910	24.376000
 1.404040	24.417000
 1.404160	24.458000
 1.404290	24.499000
 1.404410	24.540000
 1.404540	24.581000
 1.404660	24.621000
 1.404790	24.662000
 1.404910	24.702000
 1.405040	24.743000
 1.405160	24.783000
 1.405290	24.824000
 1.405410	24.864000
 1.405540	24.904000
 1.405670	24.944000
 1.405790	24.984000
 1.443550	25.024000
 1.443670	25.064000
 1.443800	25.104000
 1.443930	25.144000
 1.444050	25.184000
 1.444180	25.224000
 1.444300	25.263000
 1.444430	25.303000
 1.444550	25.342000
 1.444680	25.382000
 1.444800	25.421000
 1.444930	25.461000
 1.445050	25.500000
 1.445180	25.539000
 1.445300	25.578000
 1.445430	25.617000
 1.445550	25.656000
 1.445680	25.695000
 1.445800	25.734000
 1.445930	25.773000
 1.483710	25.812000
 1.483840	25.851000
 1.483960	25.889000
 1.484090	25.928000
 1.484210	25.967000
 1.484340	26.005000
 1.484470	26.044000
 1.484590	26.082000
 1.484720	26.120000
 1.484840	26.159000
 1.484970	26.197000
 1.485090	26.235000
 1.485220	26.273000
 1.485340	26.311000
 1.485470	26.349000
 1.485590	26.387000
 1.485720	26.425000
 1.485840	26.463000
 1.485970	26.501000
 1.486090	26.538000
 1.523850	26.576000
 1.523980	26.614000
 1.524100	26.651000
 1.524230	26.689000
 1.524350	26.726000
 1.524480	26.764000
 1.524600	26.801000
 1.524730	26.838000
 1.524860	26.876000
 1.524980	26.913000
 1.525110	26.950000
 1.525230	26.987000
 1.525360	27.024000
 1.525480	27.061000
 1.525610	27.098000
 1.525730	27.135000
 1.525860	27.172000
 1.525980	27.209000
 1.526110	27.245000
 1.526230	27.282000
 1.563990	27.319000
 1.564120	27.355000
 1.564240	27.392000
 1.564370	27.428000
 1.564490	27.465000
 1.564620	27.501000
 1.564740	27.538000
 1.564870	27.574000
 1.564990	27.610000
 1.565120	27.646000
 1.565250	27.683000
 1.565370	27.719000
 1.565500	27.755000
 1.565620	27.791000
 1.565750	27.827000
 1.565870	27.863000
 1.566000	27.899000
 1.566120	27.934000
 1.566250	27.970000
 1.566370	28.006000
 1.604130	28.042000
 1.604260	28.077000
 1.604380	28.113000
 1.604510	28.149000
 1.604630	28.184000
 1.604760	28.220000
 1.604880	28.255000
 1.605010	28.290000
 1.605130	28.326000
 1.605260	28.361000
 1.605380	28.396000
 1.605510	28.432000
 1.605640	28.467000
 1.605760	28.502000
 1.605890	28.537000
 1.606010	28.572000
 1.606140	28.607000
 1.606260	28.642000
 1.606390	28.677000
 1.606510	28.712000
 1.644270	28.747000
 1.644400	28.781000
 1.644520	28.816000
 1.644650	28.851000
 1.644770	28.885000
 1.644900	28.920000
 1.645020	28.955000
 1.645150	28.989000
 1.645270	29.024000
 1.645400	29.058000
 1.645520	29.093000
 1.645650	29.127000
 1.645770	29.161000
 1.645900	29.196000
 1.646030	29.230000
 1.646150	29.264000
 1.646280	29.298000
 1.646400	29.332000
 1.646530	29.366000
 1.646650	29.400000
 1.684410	29.434000
 1.684540	29.468000
 1.684660	29.502000
 1.684790	29.536000
 1.684910	29.570000
 1.685040	29.604000
 1.685160	29.638000
 1.685290	29.671000
 1.685410	29.705000
 1.685540	29.739000
 1.685660	29.772000
 1.685790	29.806000
 1.685910	29.840000
 1.686040	29.873000
 1.686160	29.907000
 1.686290	29.940000
 1.686420	29.973000
 1.686540	30.007000
 1.686670	30.040000
 1.686790	30.073000
 1.724550	30.107000
 1.724680	30.140000
 1.724800	30.173000
 1.724930	30.206000
 1.725050	30.239000
 1.725180	30.272000
 1.725300	30.305000
 1.725430	30.338000
 1.725550	30.371000
 1.725680	30.404000
 1.725800	30.437000
 1.725930	30.470000
 1.726050	30.503000
 1.726180	30.536000
 1.726300	30.568000
 1.726430	30.601000
 1.726550	30.634000
 1.726680	30.666000
 1.726810	30.699000
 1.726930	30.732000
 1.764690	30.764000
 1.764810	30.797000
 1.764940	30.829000
 1.765070	30.862000
 1.765190	30.894000
 1.765320	30.926000
 1.765440	30.959000
 1.765570	30.991000
 1.765690	31.023000
 1.765820	31.055000
 1.765940	31.088000
 1.766070	31.120000
 1.766190	31.152000
 1.766320	31.184000
 1.766440	31.216000
 1.766570	31.248000
 1.766690	31.280000
 1.766820	31.312000
 1.766940	31.344000
 1.767070	31.376000
 1.804830	31.408000
 1.804950	31.440000
 1.805080	31.471000
 1.805200	31.503000
 1.805330	31.535000
 1.805460	31.567000
 1.805580	31.598000
 1.805710	31.630000
 1.805830	31.662000
 1.805960	31.693000
 1.806080	31.725000
 1.806210	31.756000
 1.806330	31.788000
 1.806460	31.819000
 1.806580	31.851000
 1.806710	31.882000
 1.806830	31.913000
 1.806960	31.945000
 1.807080	31.976000
 1.807210	32.007000
 1.844970	32.039000
 1.845090	32.070000
 1.845220	32.101000
 1.845340	32.132000
 1.845470	32.163000
 1.845590	32.194000
 1.845720	32.225000
 1.845850	32.256000
 1.845970	32.287000
 1.846100	32.318000
 1.846220	32.349000
 1.846350	32.380000
 1.846470	32.411000
 1.846600	32.442000
 1.846720	32.473000
 1.846850	32.504000
 1.846970	32.534000
 1.847100	32.565000
 1.847220	32.596000
 1.847350	32.627000
 1.885110	32.657000
 1.885230	32.688000
 1.885360	32.718000
 1.885480	32.749000
 1.885610	32.779000
 1.885730	32.810000
 1.885860	32.840000
 1.885980	32.871000
 1.886110	32.901000
 1.886240	32.932000
 1.886360	32.962000
 1.886490	32.992000
 1.886610	33.023000
 1.886740	33.053000
 1.886860	33.083000
 1.886990	33.114000
 1.887110	33.144000
 1.887240	33.174000
 1.887360	33.204000
 1.887490	33.234000
 1.925250	33.264000
 1.925370	33.294000
 1.925500	33.324000
 1.925620	33.354000
 1.925750	33.384000
 1.925870	33.414000
 1.926000	33.444000
 1.926120	33.474000
 1.926250	33.504000
 1.926370	33.534000
 1.926500	33.564000
 1.926630	33.593000
 1.926750	33.623000
 1.926880	33.653000
 1.927000	33.683000
 1.927130	33.712000
 1.927250	33.742000
 1.927380	33.772000
 1.927500	33.801000
 1.927630	33.831000
 1.965390	33.860000
 1.965510	33.890000
 1.965640	33.919000
 1.965760	33.949000
 1.965890	33.978000
 1.966010	34.008000
 1.966140	34.037000
 1.966260	34.067000
 1.966390	34.096000
 1.966510	34.125000
 1.966640	34.155000
 1.966760	34.184000
 1.966890	34.213000
 1.967020	34.242000
 1.967140	34.272000
 1.967270	34.301000
 1.967390	34.330000
 1.967520	34.359000
 1.967640	34.388000
 1.967770	34.417000
 2.005530	34.446000
 2.005650	34.475000
 2.005780	34.504000
 2.005900	34.533000
 2.006030	34.562000
 2.006150	34.591000
 2.006280	34.620000
 2.006400	34.649000
 2.006530	34.678000
 2.006650	34.707000
 2.006780	34.735000
 2.006900	34.764000
 2.007030	34.793000
 2.007150	34.822000
 2.007280	34.850000
 2.007410	34.879000
 2.007530	34.908000
 2.007660	34.936000
 2.007780	34.965000
 2.007910	34.994000
 2.207910	1.000000
 