0.000000	1.000000
 0.860030	2.000000
 0.920290	3.000000
 0.920420	4.000000
 0.980560	5.000000
 0.980680	6.000000
 0.980810	7.000000
 0.980930	8.000000
 1.040820	9.000000
 1.040950	10.000000
 1.041070	11.000000
 1.041200	12.000000
 1.041330	13.000000
 1.041450	14.000000
 1.041580	15.000000
 1.041700	16.000000
 1.260270	17.000000
 1.260390	18.000000
 1.260520	19.000000
 1.260640	20.000000
 1.260770	20.050000
 1.260890	20.100000
 1.261040	20.150000
 1.261200	20.199000
 1.261340	20.249000
 1.261470	20.298000
 1.261600	20.347000
 1.261740	20.397000
 1.261860	20.446000
 1.262000	20.494000
 1.262130	20.543000
 1.262250	20.592000
 1.320530	20.641000
 1.320660	20.689000
 1.320780	20.737000
 1.320910	20.786000
 1.321030	20.834000
 1.321160	20.882000
 1.321280	20.930000
 1.321410	20.977000
 1.321530	21.025000
 1.321660	21.073000
 1.321780	21.120000
 1.321910	21.167000
 1.322040	21.215000
 1.322160	21.262000
 1.322290	21.309000
 1.322410	21.356000
 1.322540	21.403000
 1.322660	21.449000
 1.322790	21.496000
 1.322910	21.542000
 1.380800	21.589000
 1.380920	21.635000
 1.381050	21.681000
 1.381170	21.727000
 1.381300	21.773000
 1.381420	21.819000
 1.381550	21.865000
 1.381670	21.911000
 1.381800	21.957000
 1.381930	22.002000
 1.382050	22.048000
 1.382180	22.093000
 1.382300	22.138000
 1.382430	22.183000
 1.382550	22.228000
 1.382680	22.273000
 1.382800	22.318000
 1.382930	22.363000
 1.383050	22.408000
 1.383180	22.453000
 1.441060	22.497000
 1.441190	22.542000
 1.441310	22.586000
 1.441440	22.630000
 1.441560	22.674000
 1.441690	22.718000
 1.441820	22.762000
 1.441940	22.806000
 1.442070	22.850000
 1.442190	22.894000
 1.442320	22.938000
 1.442440	22.981000
 1.442570	23.025000
 1.442690	23.068000
 1.442820	23.112000
 1.442940	23.155000
 1.443070	23.198000
 1.443190	23.241000
 1.443320	23.284000
 1.443440	23.327000
 1.501330	23.370000
 1.501450	23.413000
 1.501580	23.455000
 1.501710	23.498000
 1.501830	23.541000
 1.501960	23.583000
 1.502080	23.626000
 1.502210	23.668000
 1.502330	23.710000
 1.502460	23.752000
 1.502580	23.794000
 1.502710	23.836000
 1.502830	23.878000
 1.502960	23.920000
 1.503080	23.962000
 1.503210	24.004000
 1.503330	24.045000
 1.503460	24.087000
 1.503580	24.129000
 1.503710	24.170000
 1.703710	1.000000
 